25.8
25.3
25
25.1
24.9
24.5
24.1
24
23.7
24
25.6
27.5
30.2
31.3
33.4
34.5
35.4
35.7
35.4
34.7
33
31
28.6
26.9
26.2
25.6
25.4
25.2
25
25.3
25.2
25
24.5
25
27.2
28
30.2
31.9
34.3
34.9
36.3
37.1
37.8
38
37.9
36.7
36
34.1
32.5
31.1
30.6
30.1
30.5
30.5
29.8
27.9
27.1
26.9
27.2
27.4
25.9
23.5
24.1
24.9
27.1
26.7
24.8
24.1
24.7
24.8
22.9
21.1
20.9
21.3
20.8
20.1
19.8
19.9
20
20.5
20.6
20.5
20.7
21.3
22.2
23.1
25.6
23.3
23.8
23.6
23.7
23.6
23.6
23.5
22.6
21.8
21.1
20.8
20.3
20.2
20.6
20.8
20.5
20.6
20.3
20.3
21.5
22.5
22.8
24.2
24.5
24.9
25.9
27.6
27.8
27.3
26.7
25.7
24.3
23
22.4
22
21.8
21.6
21.6
21.8
21.7
21.4
21.4
22.1
24.7
25.9
27.7
29.4
30.9
32.3
33.2
34.8
33.3
33.8
31.1
29.6
27.7
26.5
26.2
26
26.6
24.9
25.5
25.4
25.3
25.2
25.1
26.2
27
29.8
30.9
31.8
32.1
33.1
34
34.4
25.2
26.9
28.6
27.5
26.5
26.1
26.4
26.1
25.5
24.9
24.3
24.3
24.2
23.1
23
22.7
25
26.2
27.9
28
28.4
30.4
31.3
31.7
31.2
30.2
29.5
27.7
26.6
25.9
25.5
25.3
25.1
24.8
24.8
24.5
24.7
24.8
24.9
25.2
26
26.7
26.9
26
26.2
27.9
27.8
27.8
27.6
27.4
27.2
27.4
27.2
26.5
26.3
26.2
25.7
25.1
25.1
24.7
24.8
24.3
24
24
25.2
27.4
28.8
29.2
28.4
28.7
29.5
28.1
27.8
26.8
27.1
27.8
27.5
27.1
26.9
26.2
26.3
25.6
24.9
24.5
24.2
23.9
23.6
23.2
23.4
23.6
23.7
24.2
23.4
23.2
25.1
25.1
25
23.8
23.7
23.3
23.4
23
23
22.3
22.6
22.7
22.5
22.4
22.4
22.3
22
22.1
22.5
23.1
23.8
24.6
25.3
25.8
25.5
26.1
25.8
25.4
24.5
23.6
23.5
23.3
23.6
23.5
23.3
23.2
23.1
23
22.9
22.5
22.4
22.3
24
26.2
28.3
29.2
30.2
30.1
32.3
34.1
35.6
31.9
32.1
31.2
30.1
27.4
26.8
26.9
26.3
25
24.5
24.1
23.7
23.1
23.6
23.5
25.2
26.7
27.8
29.4
29
31.1
32
31.9
31.8
31.7
31.4
30.9
30.1
25.3
23.1
24
24.1
24.2
24.6
24.3
24.1
24.4
24.1
24
24.6
25.6
28.6
29.5
31.2
32.1
33.2
33.3
33.9
32.8
34.1
33.3
31.2
29.4
29.1
23.9
24.5
23.2
23.3
23.3
23.4
23.6
23.7
24
24.7
26.8
28.9
29.9
31
30.7

29.8
30
29.9
29.8
29
28.7
28
27.9
28
28
27.3
27
27
26.4
25.7
24.6
23.8
24.3
24.7
24.8
25.4
25.8
25.6
24.1
25.5
26.3
26.5
25.3
23.9
22.1
22.1
21.8
21.4
21.4
21.8
21.4
21.7
22.3
22
22
22.5
23.2
23.9
24.5
25.7
25.8
27.2
27.2
26.5
25.4
27.1
27.2
26.6
24.9
24.5
23.9
24.2
24.1
24.4
24.2
24.3
24.3
23.9
21.9
21
20
20.1
20.4
20.4
21.1
23.2
22.4
22.8
21.9
20.6
20.3
20.1
20
19.7
19.8
19.2
19.4
19.5
19.5
19.4
19.6
19.5
19.7
19.8
20.7
22
23.6
24.9
25.8
26
26.9

26.1
26.2
25.4
25.1
23.5
22.6
22.3
21.8
21.8
21.8
21.5
21.3
21.1
21.3
21.3
21.7
22.3
22.7
24.2
24.9
25.8
27.1
27
27.9
28
28.2
27.6
26.5
25.1
24.1
23.1
22.7
22.6
22.1
22
21.5
21
20.9
20.7
20.6
24.2
25.9
26.9
28.2
30.2
31.7
31
32
32.9
32.7
32.3
29.3
27.8
26.3
25.1
24.3
23.9
23.9
23.4
23.3
23
22.7
22.3
22.7
25.9
27.4
29.2
30.8
31.8
32.7
32.2
33.5
34.8
33.8
31.7
30.2
28.4
27.7
27
26.2
25.8
25.3
24.8
24.8
24.9
25.1
25
25
25.7
26.9
28
28.6
30.1
27.3
25
28.3
30.6
25.4
27.3
26.6
25.9
25.1
24.6
24.5
24.1
23.7
23.3
22.9
22.6
22.6
22.3
22.7
24.4
25.9
27.4
28.3
29.6
29.7
30.7
31.7
31.1
30.7
29.3
28
26.8
25.9
25.5
25.3
25
24.7
25.3
24.8
24.3
23.9
23.7
23.5
25
28.2
29.3
30.6
32
32.8
33.1
34.9
34.1
34.8
33.6
30.9
28.7
27
26.1
25.6
25
24.7
24.2
24
23.4
22.9
22.8
22.6
26
27.8
29
29.5
31.8
32.7
33.6
33.9
34.2
34.4
34
31.9
29.9
28.8
27.8
27
26.9
26.3
26
25.6
25.1
24.8
24.6
25.5
27.6
28.8
30.2
31.3
32.3
33.4
34.9
35.4
35.8
35.7
34.5
33.2
31.7
31.3
29.5
28.2
28.1
27.7
27.1
26.8
26.7
26.6
26.4
26.5
28.1
29.7
31
32.7
34
34.9
35.6
36.6
36.3
36.5
31.3
32.1
30.9
29
27.7
27.7
27.9
27.5
27.7

27.5
27.2
26.9
27.2
28.6
29.8
31.6
33.1
34.7
36
36
36.7
37.3
37.1
37
35.7
34.4
33.3
31.8
31.3
29.5
28.3
28.1
28.2
27.7
27.5
27.1
26.9
28.7
29.3
30.8
32.1
33.9
34.5
35.3
36
36.2
31.2
23.8
23.5
24.2
24.1
