23.8
24.2
24
24
23.9
23.8
23.6
23.8
23.6
23.3
25.9
27.2
29.2
30.9
32.1
33.7
35.2
35
27.1
25.8
25.6
24.5
23.7
23.9
23.8
23.8
24.4
24
23.7
24
24.1
24.2
24.5
24.3
24.3
25.8
25.8
26.3
26.1
27.6
29.3
29.8
29.5
28.5
27.4
23.8
23.2
22.6
22.2
22.7
22.9
22.5
22.4
21.9
22
21.8
21.3
21.1
19.8
20.1
22.3
23.3
24.6
24.6
23.9
24
24.2
25.1
24.7
23.4
22.5
21.7
21.3
21
20.4
20
19.9
19.5
18.9
18.7
17.7
17.6
18.4
22.9
23.6
24.6
25.5
24.8
24.9
24.7
24.9
24.7
24.2
24.2
22.9
21.8
20.9
20.2
19.8
19.9
19
18.8
18.5
18.2
17.9
17.9
19.8
22.2
24.4
25.2
25.4
25.5
26.6
26.8
28
27.2
26.9
25.9
24.2
22.8
21.5
21
20.4
20.3
19.6
19.6
19.3
18.7
18.5
18.3
22.4
23.1
25.4
25.7
27.8
27.6
28.1
27.9
27.9
28.8
27.4
26.2
24.7
23.2
22.4
21.8
21.7
21.3
20.8
20.6
20.4
20.2
20
19.6
22.7
23.6
25.1
26.6
27.9
29.7
30.6
32
30.6
29.7
29.8
29
26.6
25.1
24.5
23.7
23
22.3
21.7
21.5
21.1
20.4
20
20.1
22.8
25
26.2
27.6
29.5
30.8
31.7
33.3
33.9
34
33.3
31.1
29.1
27.4
26.2
25.6
24.8
25.4
24.6
24.7
23.9
22.9
22.7
22.1
24.7
26.5
28.5
29.8
31.7
32.6
33.5
35.4
35.4
35.7
36.6

30.8
29.8
29
28.1
28.4
28.3
27.5
27
26.7
26.4
26
25.6
26.7
28.9
29.2
27.5
28.7
28.2
27.1
24.1
26.3
27.2
23.6
24.4
24.5
24.3
24.5
24.4
24.6
24.4
24.5
24.5
24.6
23.8
23.1
22.9
25.2
27.7
29.4
30.9
31.3
31.9
31.9
34.2
33.2
32.2
31.8
23.2
23.2
23.2
23
23
22.5
22.2
22.3
22.3
22.1
21.9
22.3
22.1
22.3
22.8
23.2
23.8
24.5
24.4
23.8
21.3
23.8
22.8
23
22.2
21.5
20.8
20.5
20
19.3
18.9
17.8
17.3
17.4
17.6
17.3
17
18.6
20.1
21.3
22.1
24
23.7
24.7
25.8
25.3
25.3
25
24.2
22.6
21.7
21.6
21.1
21.1
20.7
20.4
20.5
20.4
20.1
19.7
19.2
20.3
21.8
24.5
25.6
27.4
28.6
28.3
29.9
29.5
28.3
27.7
26.2
24.6
23.9
23.5
23.3
23.1
22.2
21.3
21.2
21
20.7
20.7
20.8
20.8
21.1
21.2
22.3
22.2
22.3
24.1
24.2
24.2
25.3
24.5
24.2
23.9
23.2
22.4
22.3
22.5
22.3
22
21.7
21.3
20.6
20.7
20.9
22.5
24.2
25.8
26.9
26.6
24.8
26.9
28.1
27.3
26.3
25.2
24.4
24
23
22.6
22.8
21.9
21.7
21.8
21.4
20.9
20.7
20.4
20.6
22.3
24
25.4
25.7
27
28.3
28.2
28.5
29
27.8
26.9
25.6
24.6
23.8
23.4
23
22.8
22.5
22.4
22.4
22.6
22.8
22.4
22.7
22.8
25.3
26.7
27.9
29.7
29.1
30.2
31
30.8
28.5
28
26.9
25.6
24.6
23.9
23.3
23.1
22.8
22.8
22.6
22.3
21.9
21.6
21.3
23.2
23.5
25.5
27
29.3
30
30.6
31.3
31.3
31.3
31.2
30.2
27.7
26.6
25.7
25.6
25
24.4
23.7
23.6
23.9
23.4
23.1
22.8
24.7
26.4
27.6
28.9
30.1
31.7
32.3
32.8
32.7
32.8
32.6
31.1
29
27.5
25.7
24.9
24.1
23.5
22.9
22.7
22.2
21.6

20.3
22.1
25.4
28.2
28.6
30.1
31.4
33.6
33.9
34.3
34.4
32.8
30
27.5
25.6
25.3
24.9
24.4
24.1
23.6
22.9
22.4
22
21.2
20.7
22.4
25.1
26.7
28.2
29.6
30.9
31.5
32.3
32.9
33.4
33.5
33.6
30.1
27.8
27
26.7
26
24.9
24.3
23.6
23.4
23
22.6
22.3
23.9
26.4
28.1
29.5
30.5
33.3
34.3
35.1
35.2
35.6
34.2
34.3
32.9
30.6
29.1
28.9
28.6
27.4
26.7
25.8
26.6
27.5
27.5
26.5
27.3
28.5
30.3
30.4
27.7
24
24.6
26
25.9
25.4
23.8
24.4
24.5
23.7
23.8
23.5
23.4
23.3
22.8
22.8
22
22.3
21.6
21.7
21.5
21.1
21.5
21.5
21.2
20.6
20.6
21.1
20.9
20
19.8
19
19.1
19.3
19.4
19.2
18.8
18.8
18.8
19
18.9
18.9
18.9
18.9
19.5
20.1
21.3
19.8
20.1
20.5
22.7
23.4
22.8
23.7
23.5
22.9
21.9
21
20.3
20
19.5
19.7
19.4
19.2
19.2
18.3
18.6
18.7
19.1
20.9
23
22.5
22.8
23.4
23.4
23.4
24.2
24.1
23.3
22.4
20.9
20.1
19.3
19.1
19.4
18.3
18
18
18.5
18.3
17.2
16.9
18.1
19.9
21.1
22.9
23.5
24.9
26.4
27.5
28
27.3
25.5
24.7
23.9
22.4
