14.8
14.6
14
14.1
14
13.9
13.3
13.1
12.4
12.3
12.1
11.8
11.6
11.5
12.2
13.3
13.5
14.5
14.3
14.6
13.7
12
11.4
11.1
10.4
9.6
9.2
8.9
8.7
7.9
7.5
7.2
7.1
7
7.9
8.2
8.7
8.7
10.2
11.6
11.9
13.9
14.6
14.5
13.4
12
11.8
11.7
10.5
10.7
10.6
9.9
10.1
9.4
9.5
9.4
8.8
8.7
9
8.7
9.8
11.7
12.5
13.6
13
14.3
14
13.2
12.3
11.5
11.3
10.5
10
9.1
8
7.5
7
6.2
5.5
5.9
5.1
4.2
4.9
5
6.6
8.4
9.4
10.7
11.8
12.1
12.9
12.5
11.6
11.1
10.6
9.6
9.5
9.3
9.3
8.9
7.8
7.3
6.9
6.5
5.9
5.7
5.2
5
5.9
7.3
7.7
9.3
9.7
10.2
9.5
9.9
10.1
9.9
9.5
8.9
8.4
8.1
7.7
7
6.2
5.7
5.3
4.9
4.6
4.3
3.9
3.8
4.8
6.3
8
8.9
9.6
10.7
11.2
10.8
9.8
8.6
8
7.3
6.8
6.2
5.4
5.2
4.9
4.4
4.3
3.7
3.5
2.9
2.3
2.7
4.9
6.6
8
10.2
10.7
11.9
12.5
12.6
10.5
9.1
7.8
7.3
6.8
6.2
6.3
5.9
4.8
4
3.7
3.5
3.5
3.5
3.9
4.3
6.4
10
12.7
15.5
16.1
17
18.4
18.7
16.5
13
11
10.9
10.3
10.1
9.9
7.9
7.3
6.6
6.1
5.6
5.6
5.5
5.3
6
7.8
8.5
12.3
16
16.3
18.3
19.1
19.3
17.2
13.8
12.6
11.7
11.7
11.1
9.8
9
8.8
7.9
7.8
8.4
8.6
7.9
8
7.9
9.7
11.8
15.3
17.7
19.6
20.8
20.9
20.8
19.4
16.8
15.5
14.3
13.5
13.3
13.8
12.1
11.7
11.1
10.9
10.8
11.4
11.8
11.3
12.1
14.5
16.4
19.3
21.8
23.4
24.4
25.3
25.9
23.4
20.6
19
19
18.3
17.5
16.6
15.2
14.7
14.1
14
13.2
13.1
13.1
13.7
15.4
16.7
22
23.3
24.9
26.1
27.1
26.4
24.3
20.6
19.5
19.4
18.9
16.7
15.4
15.6
15.6
15.7
15.9
15.7
15.4
15.3
15.1
14.8
15.9
16.9
15.8
14.9
14.5
14.6
14.1
13.8
13.3
13.3
13.2
13
12.9
12.8
12.7
12.8
12.5
12.4
12
11.9
11.8
11.9
11.8
11.8
11.8
11.9
11.7
11.6
11.8
11.8
12.3
12.8
12.8
12.6
12
10.9
10.2
10.1
10
9.6
9.6
9.2
8.8
8.7
8.9
9.1
8.5
8
8.7
9.7
10.4
11.3
12.6
12.3
13.4
12.9
12.4
12.5
12
11.5
11.2
10.7
10.6
10.8
9.8
9.3
8.7
8
7.9
7.8
7.2
6.8
6.8
7.7
9.3
11.6
12
14.2
15
15.7
14.8
14
12.7
10.9
10.2
9.4
9.1
8.8
8.1
8
7.7
7.2
7
7.6
8.5
8.7
8.6
10.7
11.3
12.1
14.1
16.1
17
18.1
17.8
16.6
14.9
13.7
13.2
13
13.1
12.7
12.6
13.4
13.4
13.2
13
11.9
12.1
11.1
10.9
12.6
16.1
17.5
19.4
20.9
21.2
22.8
21.2
18.8
17
16.5
15.5
14.7
13.9
14
13.1
13.6
14.3
12.8
12.9
14.2
14.9
13.9
13.7
16.3
20.3
20.5
19.9
18.9
18.9
19
20.2
19.3
17.4
16.4
16.1
16
15.6
14.9
14.3
14.6
14.8
14.6
13.5
13.1
12.9
12.5
13
15.5
19.2
22.6
23.8
25.2
26.2
27
27.2
24.3
21.9
20.8
19.5
19.3
18.3
17.8
17.5
17
16
15.3
14.8
14
14.4
14
14.5
17.1
23.4
24.4
25.7
26.6
27.5
26.2
25.8
23.8
22.7
21
20.4
20.4
21.3
21.4
20.2
18.4
16.7
16.2
17.6
20.3
20.1
18.3
20
22.7
23.4
24
26.4
25
23.7
22.4
17.5
17.4
17.6
17.7
17.9
17.2
17.3
17.3
17.1
17.6
17.8
17.7
17.5
17.2
17.4
17.3
17.3
17.9
18.3
17.7
17.4
17.5
17.8
18.1
18.2
18.3
17.9
18
18.1
18
18.1
18.3
18.2
18.1
18.1
18.1
18.2
18
18
18.2
18.3
16.2
15.8
15.4
14.6
15.8
15.8
15.6
15.5
15.2
14.9
15.1
15.2
15.1
15.2
15.2
15.2
15.2
15.4
15.6
15.4
15.2
15.5
15.6
15.9
16.4
17.1
17.6
18.2
18.8
18.8
19.7
18.6
18.7
18.7
18.9
18.9
19
18.8
19.6
19.5
19.4
19
19
19.2
17.5
16.9
17.3
17.2
18.5
17.8
16.5
14.8
15.3
14.3
13.8
13.6
13.5
13.6
14
13.3
12.6
12.5
12.1
11.5
11.4
11.3
11.1
10.7
10.9
10.9
10.8
11
11.1
11.2
11.3
12.4
13.1
13.5
13.7
13.4
12.9
12.4
12.3
12.3
12.3
12.2
11.6
11.3
10.6
10.7
10.2
9.6
8.4
8.3
8.2
8.6
10.9
13.9
14.9
16.2
16.3
16.1
16.1
15.7
15.3
13.9
13.3
13.2
13.1
12.4
12.5
12.3
11.8
11.2
10.7
10
9.7
10.1
9.8
10.5
12.9
17
20
19.3
22.7
21.7
22.1
20.7
19.5
18.2
17.6
17.2
17.4
17.1
16.4
15.9
15.7
15.7
15.5
15.2
15.3
15.3
15.2
15
15.9
17
18
18.9
19.9
19.9
19.7
16.6
15.5
15
14.8
14.9
14.8
14.7
14.7
14.6
14.3
13.1
13
13.2
12.1
11.5
11.1
11.4
14
17.5
18.8
19.7
20.4
21.3
22.7
22.7
23.2
19.4
18.3
17.2
