23.9
22.9
23.9
22.5
21.7
21.5
20.5
19.4
21.8
22.6
23.5
24.6
27.2
29
30.8
32.3
33.8
35.3
35.7
36.5
36.1
34.1
32.5
29.5
27.6
26.4
25.9
25.4
25.9
26.3
24.1
23.1
22.8
21.5
21.7
22.7
23.9
24
23.4
23.4
21
20.7
21.3
21.3
21
21.1
20.9
20.8
19.5
19
18.5
18.3
18.2
17.8
17.5
17.3
17.4
17.1
17.2
17.2
17.8
18.1
18
19
18.7
19.1
19
18.4
17.3
17.2
17.2
17.2
17.3
17.4
17.5
17.5
17.6
17.8
18
18.2
18.5
18.4
18.1
18.3
18.5
19
19.6
19.6
19.8
19.4
19.9
21.2
22.7
21.8
20.9
20.6
20.6
20.5
20.3
20.3
19.9
20.1
20.1
20.1
20.2
20.1
20
20
19.9
18.9
17.7
18
18.2
18.4
17.5
17.2
16.7
16.2
15.8
15.5
15.6
15.7
15.6
15.7
15.8
15.6
15.6
15.6
15.5
15.5
15.8
16.6
17.6
17.6
18.9
19.1
16.8
16.9
17.7
18.1
17.9
17.1
16.6
16.6
16.6
16.8
16.7
16.4
15.5
15.1
15.3
15.2
15
15.1
16.3
18.5
20.5
21.8
23
23.9
24.6
25.9
25.7
26.5
25.7
23
21.3
20
19.2
18.4
17.7
17.5
16.7
16.3
16
15.9
15.7
15.7
17.7
19.5
19.3
20.4
23
25.1
26.2
26.6
27
27.1
26.7
23.3
21.7
20.5
19.4
18.6
17.8
17.6
17.3
18.8
17.2
16.2
16
14.8
17.6
19.8
22.3
24.4
25.7
26.5
26.1
27.8
28.1
27.5
25.1
22.9
21
19.9
19.2
18.8
18.4
18.1
17.9
17.3
17.1
16.5
16.1
16
17
19.8
22
24.3
26.6
27.6
28.8
30.6
31.6
31.3
31.2
28.6
26.2
24.7
23.9
23.2
22.4
21.9
21.7
20.9
20
19.1
18.9
18.5
21.5
25.4
27.2
29.5
31.7
33.6
34.5
35.5
35.9
35.8
35.7
34.1
29.6
26.7
25.1
25
23
22.2
21.3
20.9
20.5
20.3
19.8
19.6
23.1
26.7
29.5
31.1
33
34.9
37
37.4
37.8
37.9
37.6
35.8
32.9
30.4
29.3
28
27.4
27
25.9
24.8
23
21.3
20.8
20.6
21.6
23.9
25.4
26.5
26.9
26.8
27.3
27.7
26.2
24.6
24.4
24
20.9
21.1
20.9
21.1
20.9
21.2
21
20.1
19.7
19.7
19.7
18.6
17.9
17.3
16.9
16.3
16.4
16.3
15.2
15.6
14.2
13.9
14.5
13.8
12.8
12.6
12.7
13.1
12.6
12.8
13
12.8
13.3
13.5
13.8
13.8
13.9
14.4
15.4
16.4
17.3
18.3
17.3
17.9
18.1
17.5
17.2
17.2
17.1
16.9
17
17.2
17.1
17.2
17.3
17.2
17
16.9
17.1
17.3
17.2
17.4
18
17.8
18.6
18.4
19.3
19.7
20.4
19.8
19.9
19.4
19.3
19.1
19
18.9
19
19
19.1
19.1
19
18.7
18.9
18.2
18.2
18.4
19.1
19.5
20.1
21.1
22.4
22.5
22.6
21.5
20.4
20.4
20.3
20.3
20.4
20.5
20.3
20.1
19.9
20.2
20.1
20
19.9
20
20.6
21.4
21.9
23.5
24.5
25.6
26.2
26.9
27.4
27
24.6
22.1
21.4
20.7
20.6
20.1
18.7
17.7
17.7
17.7
17.4
17
16.7
16.2
16.9
18.9
19.4
19.7
20.8
21.1
21.2
22
21.4
20.6
19.9
18
16.3
15.8
15.2
15
14
13.5
14
13.9
14.2
14.1
14.4
14.6
15.5
17
18.9
18.6
20.9
20.7
21.2
20.4
19.8
19.3
19.2
17.7
16.7
16
16.1
15.8
16
16.1
16.3
16
15.7
15.2
15.5
15.5
16
16.9
19.3
19.3
18.7
18.1
17.3
16.6
17.1
17.3
17.2
17
16.9
16.7
16.9
16.4
16.4
15.8
15
14.8
14.9
14.9
14.8
15
14.9
15.4
17.4
17.2
19.2
18.9
18.5
20.2
21.4
21.6
21.3
18.5
17.1
16.5
16.1
15
15.1
14.5
13.9
14.8
14
13.8
13
13.2
13.3
14.3
18.6
21.2
22.9
25.3
25.5
26.4
25.8
26.3
24.4
22.5
20.6
19.4
18.5
18.1
18
17.6
17.7
17.6
17.4
17.2
18
17.8
18.7
19.4
20.4
20.3
21.9
24.3
25.4
26.9
27.3
27.3
26.8
25.5
23.9
21.6
19.8
19.7
19.2
17.9
17.8
17.7
17.3
17.1
17.1
16.9
19.5
20.5
23
23.8
23.6
26.2
26.1
26.3
25.6
25.2
24.8
22.7
20.7
19.4
18.7
17.7
17.1
16.6
16.2
15.6
14.5
14
13.4
13
18.2
19.6
22.3
24.1
26.4
28.2
28.6
30.1
30.7
29.3
26.7
24.3
22.4
21.2
20.8
21.2
21.3
21.2
20.8
20.7
20.9
22
20.6
20.7
20.6
20.5
20.5
20.4
20.4
19.8
20.1
20.4
20.3
20.7
20.5
20.5
21.6
20.2
20.3
19.2
19.3
19.2
18.5
18.4
18.5
18.1
18.1
18.4
19.2
21.3
23.5
25.9
26.9
27.8
27.8
27.9
28.3
29.1
28.2
27.7
25.8
26.3
25.8
24.5
23.9
23.2
22.9
24.8
21.8
21.5
21.3
21.2
21.9
23.7
24.8
24.3
20
19.7
20.2
20.8
20.5
22
21.2
20.9
20.3
20.1
20
20.5
20.2
20.4
20.2
20.3
19.6
19.6
18.7
18.9
19.3
20
20.2
19.9
19.7
19.6
19.9
19.8
19.7
20.2
20.4
20.5
20.5
20.1
20.6
19.7
19.8
20
19.8
19.8
19.9
19.5
19.4
19.8
19.9
20.3
20.8
20.3
20.6
20.6
20.6
20.5
20.1
20.2
20
19.5
19.4
19.2
