19
18.9
19
19
19
18.5
18.2
18.3
18.2
18.5
18.9
19.9
21.5
21.8
22.3
23.8
24.3
25.1
24.8
24
23.3
22
21.2
20.7
20.4
20.2
20.2
20.5
20.3
20.3
20.7
19.9
19.7
19.4
22.4
25.9
27
27.6
29.2
30.8
31.4
31.7
31.8
28.5
27.3
25.1
24.4
24
22.8
22.7
22.7
22.3
22.4
22.5
21.7
21.6
21.9
21.3
20.9
21.3
21.8
22.2
23.1
22.5
22.5
22.5
22.3
21.1
20.8
20.1
19.5
19
19.3
19.1
19
19
18.7
18.8
18.5
18.5
18.9
18.9
19.1
19.9
20.7
19.3
19.4
19.6
19.4
19.7
19.9
19.8
19.9
20.2
20.5
20.6
20.7
20.7
20.7
20.6
20.6
20.7
20.5
20.1
20.1
20.3
21
20.6
21.3
20.4
21.2
23.9
23.1
24
23.6
23.8
22.7
21
19.9
18.8
18.8
17.8
17.7
16.7
16.1
15.4
14.6
14.5
13.8
14.6
18.2
20.1
21.1
22.1
23.6
24.5
24.9
24.8
24.9
24.1
23.1
21.1
19.6
18.6
18.4
18.2
18.3
17.9
17.6
17.5
17.5
18
17.1
16.9
17.7
17.7
18
18.5
20.3
21.9
22.7
23.7
23.8
25.3
25.3
24
22.9
21.9
21.2
20.4
19.7
19.3
20.1
20.5
19.4
18.8
18.2
18.5
20.4
21.4
24.1
23.8
25.2
25.9
26.9
27.9
28.2
26.5
25.8
24.4
22.4
21.7
21.2
20.9
20.5
20.1
19.9
19.8
19.4
19.1
19.1
19.5
21.6
24.4
26.3
27.4
26.6
26.5
28.1
26.4
26.1
24.6
24.5
23.7
22.9
22.2
21.7
21.5
21.3
21.4
21.1
21.2
21.2
20.9
20.7
20.7
20.5
20.5
21
20.7
21.6
22.6
21.9
21.2
21.5
20.5
20
19.3
19
18.9
18.9
19
18.9
19
19.1
19.1
19
18.7
18.5
18.9
19.6
21.3
21.8
22.6
22.1
23.6
23.2
24
22.9
22.5
22.3
21.1
20.4
19.7
19.6
19.5
19.3
19.1
18.8
18.7
18.6
18.4
18
18.3
20.1
22.7
24.5
25.5
26
27.2
28.8
28.9
28.3
27.8
26.6
25
23.5
22.6
22.3
22.6
21.5
21.1
21.4
21.5
21.3
20.7
20.8
20.8
23.1
24.3
25.4
26.9
28.9
29.1
29.7
30.2
29.9
29.2
28.3
26.7
25.4
24.9
24.6
23.8
23.5
22.7
22.6
22.3
22.1
21.4
20.8
20.2
19.6
19.8
20.3
21.6
24.1
25.7
26.3
27.8
27.5
21
22.5
23.6
22.1
21.8
20.8
20.4
20.4
19.9
19.5
20
19.7
19.6
19
19.1
19.6
21.1
22.1
22.6
23.1
23.8
24
24
23.7
23.9
23
21.4
20
19.3
18.8
18.9
18.6
18.5
18.7
17.3
16.6
16.2
15.5
15.7
19.2
21.2
21.1
21.1
22.1
24.7
25.4
26
25.6
25.6
24.9
22.5
21.4
19.5
18.7
18.5
18
17.2
16.4
15.8
15.1
15.8
15.2
15.6
19.2
20.1
21.9
23.6
24.7
26.5
28.9
29.6
29.6
28.8
27.2
25.2
22.9
21.1
20.2
19.9
19.4
19
18.6
18
17.5
17.3
16.6
17
20.7
23.4
24.8
26.4
28.2
29.7
30.6
30.5
31.3
29.3
28.2
26
24
22.7
21.5
21.1
20.4
19.8
19.1
18.5
18.1
18.1
17.8
18.3
21.7
24.3
25.3
27.5
29.3
29.9
30.9
32.1
31.3
30.3
28.8
26.5
24.4
22.9
22
21.5
20.7
20.5
20.3
19.9
19.7
19.4
19.3
19.7
22.7
25.1
26.3
28.5
29.9
31.4
32.7
32.6
33.1
31.6
30.5
28.6
26.3
24.2
22.9
22.1
21.3
21.3
20.7
20.2
20
19.4
19.1
19.7
22.4
25.4
27.5
28.9
30.2
32.5
33.1
33.4
33
31.6
29.8
28.7
27.3
26.2
25.3
24.7
24
22.9
22.4
22
22.1
22.1
22.3
22.2
22.9
26.5
29
29.8
30.7
31.7
31.2
27.3
25.1
22.9
21.8
21.7
21.7
21.7
21.8
21.9
21.3
21.7
21.6
21.6
21.6
21.4
20.6
20.4
20.3
20
22.3
22.8
23.2
24.1
24.1
24.2
22.3
22.9
22.9
21.4
20.4
19.3
17.9
17.9
17.9
17.1
16
16.2
15.9
15.3
14.9
15.5
18.6
20.3
21.1
21.2
22.7
22.4
24.7
23.6
23.8
23
22.4
20.8
19.4
18.4
17.9
17.8
17.5
17.4
16.9
16.4
16
15.9
15.6
16.5
19.7
21.5
23.3
24.2
24.9
26
27
26.7
26.5
26.6
24.5
22.5
21.2
20.5
20.2
20.1
20
19.5
19.9
19.2
19
18.9
19.4
19.1
20.3
21.4
23.9
25.1
27
26.5
25.9
26.7
27.1
25.8
24.9
23.2
22.2
21.8
21.8
21.6
21.6
21.7
21.7
21.6
21.5
21.9
21.9
22
21.8
21.1
20.2
20.3
21.9
22.4
23.8
22.9
22.6
22.4
22.4
22.1
21
20.5
18.6
17.6
16.4
15.4
14.6
14
13.5
12.8
12.6
13.5
18.9
20.2
23.2
23.7
25
26
26.3
26.6
26.8
26
25.2
23.2
21.6
20
19.3
18.5
17.6
16.4
15.7
15.2
16.1
17.4
16.2
16.7
20.7
22.3
23.1
24.9
26.2
27.5
29.6
30.1
31.4
32.2
31.4
30.1
26.2
24.6
23.6
22.9
22.6
22.3
21.9
21.7
21.2
21
20.8
21.7
25.3
26.8
28.7
29.3
29.5
30.8
31.3
31.3
31.2
31.5
30.9
30.2
29.2
28.1
