22.1
21.7
21.7
21
20.5
19.8
19.1
18.3
17.5
17.1
18.3
21.3
23.1
24.7
26.2
28.2
28.7
30
30
30.4
28.9
27.7
25.7
24.4
23.5
22.7
22.4
21.8
21.9
21.5
21.1
20.5
20.2
20
20.7
23.2
23.9
25.5
27.1
29
30
30.3
30.4
30.8
30.8
29.6
28.1
26.9
26
25.2
25.4
24.2
23.4
23.1
22.4
21.5
21.4
21.3
21.9
22.8
23.8
24.8
25.2
27.2
27.8
28.3
28.7
27.8
27.1
25.4
23.7
22.3
21.8
21.6
21.7
21.7
21.8
21.3
21.4
21.3
21.3
21.3
22.7
24.9
26.4
28.6
30.2
32
34.2
34.4
34.9
35.4
33.6
30.5
28.7
27.5
26.8
25.9
25.6
25.5
25.6
24.9
24.4
24.6
24.4
25
25.4
27.8
29.5
30.9
31.9
31.8
33.9
33.3
33.8
30.4
23.1
21.3
21.5
21.2
21.4
21.4
21.3
21.4
21.6
21
21.1
21
21.2
21.6
22
23.3
24.2
24.5
25.7
26.5
28.5
29.3
29.2
31.1
29.9
28.5
27.1
25.9
24.6
24
23.8
24.2
23.7
23.3
23
23
22.9
22.7
22.7
24.3
27.1
28
29.5
30
30.8
31.3
32.5
32.2
32.9
31.6
28.5
25.7
25.7
24.9
24.3
24
23.2
23.7
23.8
23.6
23.2
23.4
22.8
23.9
23.5
25.9
27.7
28.4
28.4
29
28.8
28.7
27.9
27.5
25.2
23.1
23.3
22.7
22.3
21.7
21.9
21.9
21.7
21.4
21.2
21.3
21.4
21.3
21.4
21.4
21.8
22.6
22.7
23.2
21.3
20.6
20
20.1
19.9
19.8
20.4
20.7
20.8
20.6
20.8
20.2
19
18.9
18.8
18.5
18.7
21.1
23
23.9
23.3
23.3
23.2
23.9
23.6
24.2
23.2
22.4
21.1
20.1
19.4
19.1
19.1
18.7
18.8
18.3
17.8
17.9
17.6
17.8
18.8
21.1
22.2
24.1
25.6
26.1
25.7
25.1
26.8
26
24.4
23.2
21.9
21.5
21
20.4
20
19.8
19.5
19.5
19.6
19.4
19.2
18.9
19.5
21
24.8
25.8
27.3
27.4
27.1
26.7
28.1
28.9
28.2
26.9
25.6
25
25.3
24.6
23.8
24.1
23
22.5
22.2
21.9
22
22.5
21.5
22.4
23.4
23.7
23.5
23.4
24.9
25.3
26.7
27.3
26.6
25.8
25.3
24.8
24.4
23.6
23.4
22.7
21.9
21
20.3
19.8
19.4
19.5
19.8
21.2
22.5
24
25.8
27.1
27.2
28
27.8
28
27.7
26.3
24.9
23
22.1
21.5
21.3
21
21
21.4
20.9
20.2
20.2
19.6
19.7
22.2
24.7
24.4
24.7
28.1
28.8
28.9
29.3
26.7
26.6
25.2
24
23.3
22.8
22.8
22.5
22.4
22.4
22.4
22
21.4
21.4
21
21.2
23
25.5
27.1
28.5
29.3
29.4
29.8
30.1
28.1
26.9
25.7
24.5
24
23.6
23.4
23.4
23.2
23.1
23.2
23
23.3
22.6
22.7
22.7
23.1
24
25
25.6
22.9
21.6
21.1
21
21.5
21.9
22.4
23
21.8
22.1
22
22.6
22.1
22.1
21.9
21.8
21.9
21.7
21.6
21.7
22.3
24.8
25.5
26.1
26.5
26.9
23.9
24.8
24
23.8
23.9
23.3
22.6
22
21.8
21.6
21.4
21.2
20.8
21.6
21.4
21.4
21.3
21.4
22.1
23.9
25
26.2
27.5
28.8
27.7
26.5
24.9
24
23.5
22.9
22.7
22.5
21.8
21.4
20.9
20.3
19.9
19.3
19
19.7
19.9
19.8
20.3
21
22
22.2
22.4
23.5
23.9
22.5
20.6
20.6
19.6
19.8
19.4
19.6
19
19.2
18.2
17.9
18.1
17.3
16.9
16.1
15.5
15.4
17.4
19.4
20.6
20.6
21.2
22.1
22.4
22.2
22.1
21.3
19.7
18.3
17.3
17
16.1
16.5
16
15.8
14.3
14
13.4
13.3
13.6
13.8
17.8
20
22.2
23.3
25.4
24.7
24.7
24.2
24.8
23.8
22.7
21.6
20.8
20
19.4
18.6
17.9
17.5
16.8
16.4
16
15.8
15.9
16.1
19.1
20.7
22.1
23
23.4
25.7
26.7
25
25.2
25.5
23.2
21.7
20.7
19.7
19.3
19.1
19.3
18.8
18.1
17.7
17.2
16.6
16.4
16.8
19.7
21.6
23.2
24.8
26.6
27.5
28.7
29.3
29
28.4
27
25.8
24.8
23.7
22.6
22.1
20.7
21.2
21.1
19.9
18.5
18.2
17.7
17.3
19.1
19.9
20.7
21.6
22.8
23.2
24
24.6
24.4
24.2
22.7
20.1
19.5
19.3
18.6
18.9
18.4
17.2
16.9
16.5
16.5
15.6
15.4
15.4
17.9
19.4
20.6
22.2
23.3
23.9
25.9
23.9
23.8
23
21.7
20.5
19.9
19.6
19.1
18.3
17.8
17.4
17.3
17.7
17.4
17.3
17.6
18.4
19.2
20.8
22.9
22.9
20.2
20.9
20.9
20.4
21.3
20.2
20.2
19.6
19.1
19.1
18.6
18.8
18.8
18.9
18.9
18.9
18.5
17.9
18.1
18.9
20.3
22.8
23.8
25.5
24.7
25.7
26.7
26
25.3
24.4
22.8
22
21.4
21
20.9
21
20.8
20.5
20.2
20
19.9
20.2
19.8
19.9
21.8
24.1
24.9
26.4
27.3
27.4
27.9
27.7
27.4
25.9
24.1
22.6
21.5
21
20.7
20.5
20.5
20.6
19.8
19.3
18.7
18.6
18.1
19
22.1
24.5
26.1
27.4
29.2
29.2
30.5
31.5
31.7
29.4
25.8
25.3
24.7
24.4
24.2
23.5
23.1
22.5
22
21.5
21.5
21.4
21.9
21.9
22.2
23.8
25.6
26.8
28.5
29.9
28.2
28.5
27.2
28.3
26
24.9
23.9
