23.5
22.8
22.6
22.3
21.7
21.5
21.4
21.3
21.4
21.5
21.4
22.6
23.2
25.2
26.5
27.8
29.1
30.9
28.6
28.9
28.6
26.3
24.6
23.5
22.9
22.4
22
21.8
21.7
21.3
20.7
20.3
20.2
19.6
19.7
22.8
25.1
26.4
27.6
28.8
29.8
31.1
31.2
31.7
31.7
30
27.9
26.5
25.1
25
24.4
23.8
23.2
23
22.8
23.3
23.1
22.7
23.6
24.2
26.1
27.4
28.5
29.9
30.6
31.1
31.7
32
31.6
29.1
26.7
25.7
25.2
24.6
24.1
23.4
23.1
22.9
22.9
22.5
22.2
22.6
23.2
25
26.9
28.1
29.3
30.7
31.5
32.2
32.3
31.6
28.3
26.4
25.7
25.5
24.7
24
23.1
23.2
23.6
22.6
22.4
22.4
22.3
22.3
22.2
22.2
20.2
20.2
21
21.3
21
21.2
21.8
22.4
21.6
21.2
20.9
21.1
20.7
20.3
19.9
20.1
20.1
20.4
19.9
19.7
19.1
19.1
19.5
20.8
21.6
22.8
23.7
20.8
22.8
20.9
20.7
20.5
20.1
19.9
19.9
20
20
20
20
19.9
19.9
19.8
19.8
19.9
20
20.1
20.2
20.8
21.8
22.5
23.2
23.6
23.5
23.8
24.2
23.3
21.7
21.5
21.4
21.3
21.1
20.9
20.8
20.8
20.3
19.3
19.5
19
18.1
17.9
17.5
20.8
21.5
22.2
22.9
24.1
24.8
25.4
25.3
24.8
23.5
21.3
20.6
19.5
18.7
18
17.5
17.4
16.4
16.1
16
16.2
15.4
14.9
14.9
18.9
21.3
22.4
23
24.5
25.2
25.8
25.7
25.1
23.7
22.1
21.1
20
19.7
19.3
19
18.4
18
17.3
17.1
17.1
16.8
16.7
16.5
19.8
22.7
24.1
25.1
26
27.1
27.6
28.1
28.3
27.6
24.8
23.1
21.8
21.4
21
20.3
19.6
19.1
18.3
17.8
17.8
17.9
18
17.7
21.2
22.9
24.1
26.7
28.4
28.7
30.4
30.4
29.8
28.3
20.8
21.8
21.9
21.7
21.7
21.2
20.9
20.6
21.3
21.3
21.5
21.3
21.2
21.2
21.4
22.7
21.9
22.7
23.8
22
22.6
22.6
22
22.2
21.5
21.3
21.1
20.5
20.5
21
21.2
21.3
21.1
20.8
20.1
19.7
19.3
19.2
20.9
22.7
23.4
24.8
26.3
27.6
28.5
28.2
28.1
26.4
24.5
23.3
22.5
22.1
21.8
21.7
21.6
21.4
21.4
21.3
21
20.4
20.6
20.7
21.4
22.8
24.8
26.3
28.2
29.9
30.7
31.2
31.3
29.8
28.3
25.7
25
23.8
23.5
22.3
21.9
21.9
21.4
20.8
21.1
20.9
20.6
21.3
23.1
23.4
24.3
25.2
25.4
26.4
25.6
25.6
25.6
25
23.6
22.5
22.1
22
21.9
21.9
21.8
20.7
20.4
20
19.7
19.7
19.5
19
19
19
19.2
19.1
19.8
19.9
18.8
18.6
19
19.1
18.6
18.2
18.6
18.7
18.6
19
18.6
17.7
18
16.9
16.6
16.1
16.1
16
18.3
19.9
20.5
21.4
22.2
23.1
22.9
24.5
23.2
21.9
21.1
20.6
20.4
19.9
19.4
19.3
18.1
17.6
17.1
16.6
16.4
16
16.4
17.4
17.9
17.4
18.4
19
21.9
22.9
24.2
25
25.4
25.1
21.5
21.4
20.4
19.5
19.2
18.9
18.5
18.5
18.1
18.2
18.3
17.8
17.5
17.7
19.2
20.4
21.3
22.6
25
25.9
25.9
26.3
26
25.5
23.8
22.6
21.2
20.6
19.8
19.1
18.8
18.4
18.1
17.8
17.8
17.7
18
18.3
19.7
20.6
22.1
24
25
25.6
25.1
25.3
26.6
25.6
24.3
23.1
22.9
22.9
21.8
21.4
21.1
21.1
21
20.8
20.4
20.6
20.6
20.5
20.7
21.1
21.3
20.5
20.5
21.7
21.3
21.4
21
20.4
19.9
19.7
19.6
18.6
18.1
18.4
18.2
18
18
17.9
17.6
17.4
17.4
17.3
17.8
18.6
19.2
19.6
19.9
20.3
20.7
20.7
20.1
19.9
19.7
19.5
19.3
19.1
18.9
18.6
18.7
18.6
18.8
18.7
18.6
18.9
18.8
19.1
19.7
21
21.6
22.2
23.7
25.1
24.2
24.1
23.5
23
21.8
21.6
21.1
20.5
20.2
20.6
20
20.3
20.3
20.2
19.6
20.1
19.4
19
21.9
22.7
25.1
26.7
27.3
27.4
28.9
26.4
25.6
24.1
22.7
22
21.7
21.7
21.8
21.7
21.9
22
22.1
21.9
21.9
21.9
22
21.9
22.6
22.7
22.9
23
21.6
21.7
21.8
21.7
22.1
22.2
21.9
21.8
21.8
22
21.9
21.8
22
22.2
22.1
22
21.8
21.7
21.5
21.6
21.4
21.5
21.9
22.3
23.9
23.3
24.4
24.2
23.9
23.4
22.9
22.8
22.6
22.5
22.4
22.3
21.8
21.8
21.8
21.7
21.7
21.1
21
21
21.1
21.3
21.2
21.7
22
23
22.2
22
21.8
21.9
21.8
21.4
21.3
21.2
21.1
20.9
20.4
20.3
20.2
20.1
20.1
20.1
19.3
19.1
19
18.5
19.5
19.5
20.9
22
23.4
23.1
24
21.9
19.9
19.3
18.7
18.1
17.8
17.2
16.9
17.6
18
17.9
17.5
16.3
15.3
14.7
17.7
18.9
20.3
21.2
22.3
23.2
23.4
23.8
24
22.9
20.2
18.7
18.1
17.7
17
17.1
15.8
15.3
15.2
14.2
13.8
14.6
15.4
16.1
16.5
17.4
20.4
21.1
21.6
22.8
24.3
23.9
23.3
21.7
20
19.3
18.6
