18.3
18.7
18.7
18.7
18.9
19.1
18.9
18.4
17.9
18.2
18.3
19.1
21.2
23
23.5
24.4
24.4
25
24.9
24.3
22.3
20.5
19.8
19.4
18.3
18.4
17.6
17
16.5
16.2
15.5
15.4
15.2
15.8
16.4
16.8
17.8
18.9
20.8
22.6
23.5
24.6
25.4
25.3
24.1
22.3
21.3
20.7
20.3
20.3
19.9
19.6
18.9
18.5
18.4
18.2
18.4
18.2
18.9
20.9
23.9
26.3
27.5
28
27.1
27.5
25.6
25
24.4
21.5
21.6
21.7
21.6
21.5
21.4
21.4
21.4
21.8
21.7
21.5
21.8
21.7
21.5
21.6
21.8
23.4
25.7
25.4
26.3
26.9
26.9
25.6
25
24.1
23.9
23.4
23.2
23.1
23.3
22.8
22.3
21.9
21.6
21.3
21.1
21.1
21.3
22.9
25.1
28.4
28.7
28.7
29.6
29.6
29.2
27.8
22.3
21.7
21.7
21.5
21.4
21.7
21.7
21.7
22.6
22.4
22.3
22.5
21.9
21.4
21.4
22.4
23.2
24.1
23.9
23.5
21.7
22.4
21.9
21.5
21.2
20.7
20.7
20.4
20.3
20.2
20.2
19.9
18.4
18.3
18.1
17.7
16.9
16.5
16.7
17.8
19
21.2
21.1
20.8
21.6
21.5
21.5
21
19.5
18.1
17.1
16.7
16.3
16
15.7
15.9
15.7
15.2
15
14.9
15
15.1
15.2
16.5
18.3
19.9
21
20.5
21.2
21.6
21.7
21.7
20.7
20.2
19.6
19.5
19.1
19.3
18.9
19.2
19
18.8
18.3
18.5
18.5
18.6
18.4
19.1
19.8
20.9
22.1
22.6
24.2
24.7
24.1
24
22.8
21.9
21.5
21.4
20.9
21.1
21.1
21.3
20.8
20.4
20.4
20.5
19.4
19.6
19.2
19.2
19.2
19.2
19.4
19.7
20
20.4
20.8
20.8
21.2
20.3
20.4
20.4
20.4
20.5
20.3
20.1
19.9
19.7
19.9
20
20
20
20.1
19.6
18.1
18.3
18.6
18.6
18.2
18.1
17.7
17.2
17.1
17.2
17.3
17.2
17.1
17
16.4
16.5
16.4
16.6
16.3
16.1
15.9
15.7
15.8
16.4
17.2
18.3
18.5
19.7
20.1
21.1
19.8
19.5
18.3
17.6
17
17.1
17.4
17.3
16.9
16.1
16.6
16.7
16.9
17.3
17.6
17.5
17.8
17.9
17.9
18.7
19.8
20.2
20.2
20.1
21.3
21.3
20.8
19.7
20
19.8
19.6
19.1
18.2
17.7
16.9
16.3
16
15.7
15.8
15.7
16
15.9
17.2
18.9
17.9
18.7
18.9
16.9
18.9
19.1
18.5
18.2
18.1
17.8
17.8
18.1
18
18.2
17.8
17.9
18
17.4
17.5
17.4
17.3
17.6
19.4
20.1
20.9
21
21.6
21.5
20
20.2
19.7
18.7
18
18.1
17.7
17.7
17.7
17.5
17.5
17.5
17.4
17.6
16.7
16.3
16.5
17.1
19.7
21.4
22
23.7
22.8
22.6
22.2
21.6
20.3
19.2
18.4
17.9
17.6
17.3
16.8
17.1
16.9
17.2
17.1
17
16.1
15.7
14.9
16.7
18.7
21.2
22
23
23.4
23.7
23.8
22.2
21.1
19.6
18.9
19
18.5
18.2
18.1
17.3
17.3
17.8
17.8
16.1
16.2
16.2
16.3
16.9
18.9
22.3
23.3
24.9
25.2
25.2
25.1
23.8
22.8
21
20.2
20
20
19.8
19.8
18.9
18.9
18.5
18
17.4
17.4
17
17.5
18.3
21
23.6
24.9
25.1
25.9
26.4
26.4
25.3
24.1
21.6
21.2
20.8
19.8
19.3
18.3
17.9
17.5
17
16.9
16.8
16.4
16.5
16.2
16.7
19.8
22.4
23.9
23.2
24.2
25.4
24.3
24
22.2
21.4
21
20.4
20.1
20.2
20.1
20
19.7
19.5
19.3
19.1
19.7
19.4
18
17.9
17.8
18.1
18.7
19.1
19.8
20.6
20.6
20.9
20.5
20
19.8
19.6
19.3
19.9
19.7
19.4
19.3
19
18.7
18.5
18.9
18.7
18.4
19
20.6
20.9
21.9
20.9
21.4
21.5
19.8
19.7
18.8
18.1
18.3
18.4
18.4
18.1
18
18
17.9
18
17.9
17.4
16.9
16.8
17.5
18.1
18.6
18.7
18.7
18.6
17.7
16.9
17.1
16.8
16.6
16.4
16.3
16.5
16.6
16.6
16.5
16.5
16.1
16.2
16.3
16.1
15.9
16.1
16.1
16.4
16.6
17.4
17.1
16.4
16.4
16.7
17
16.8
16.8
16.3
16
16.3
16.1
16
15.6
15.5
15.5
15.5
14.9
14.7
14.6
14.6
13.9
13.4
15.4
16.8
18.2
17.7
19
19.2
19.3
18.7
17.7
16.5
14.8
13.7
12.8
12.6
12.1
11.7
11.5
11.4
11.2
11
10.7
10.6
10.3
11.2
14.2
16.9
19.5
20.7
22.3
22.6
22.9
22.1
20.5
18.6
17.3
18
17.7
17.8
17.6
16.8
16.7
17
16.9
16.8
16.8
16.7
16.7
16.8
18.1
19.3
22.1
22.8
23.9
22.3
21
20.8
19.8
19.1
18.9
18.6
18.7
18.5
18.2
18
18
17.7
17.5
17.6
17.7
17.5
17.6
17.8
18.4
19.1
18.9
18.8
18.3
18
18.3
18.4
18.3
17.9
17.7
17.8
17.1
17.2
16.4
16.3
16.5
16.8
16.5
16.2
16
16.1
16.2
16.2
16.7
17.8
18.8
20.2
20.3
19.5
20.8
20
18.1
16.9
16
15.6
15.7
15.4
14.9
14.5
14.5
14.6
14.8
15.2
15.5
15.6
15.9
16.5
16.2
16.2
16.4
16.2
16.2
16.6
16.1
15.7
15.2
15.5
15.6
15.1
14.3
14.2
14.5
14.4
14.6
14.4
14.7
15.1
15.1
15.3
15.5
15.4
15.4
15.9
16.4
16
17
17.1
17.4
16.8
16.5
16.5
16
16
