15.7
15.7
15.4
15.3
15.2
15.3
15.2
14.9
15.1
15.2
15.1
15.7
16.3
17.9
18.6
18.8
18.4
17.8
19
18.3
17.4
17
16.3
16.3
16.5
16.2
16.1
16.2
16
16
15.8
15.6
15.6
15.8
16.1
16.8
17.6
18.9
19.5
20
19.9
19.3
19.4
19.2
17.9
17.1
16.9
16.6
16.4
16.5
16.7
16.3
16.4
16.1
15.9
16.1
16.6
16.6
16.3
16.9
17.1
18.1
19.6
20.2
20.9
20.8
20.2
19.2
17.2
16.3
15.3
15.2
14.9
14.8
14.9
15
13.2
12.7
12.4
12.1
11.8
12.9
13.8
13.5
14
13.9
15.9
17.8
18.7
17.8
19.7
19
16
14.9
14.7
13.7
13.7
13.4
13
13.1
12.8
12.7
12.8
11.9
11
10.5
10.3
10.7
13.8
17.7
20
20.6
21.2
21.5
21
21.3
19.5
17.1
17.5
17
16.1
15.5
15.9
15.3
15.4
15.5
14.2
13.1
12.1
11.7
11.7
12.7
15.9
19.9
20.8
21.6
22.2



20.5
19.4
18.2
17.4
16.7
17.9
16.8
15.8
14.9
14.5
13.6
13.5
14.2
15.2
14.4
15.2
18.5
20.6
21.8
22.7
23.9
24.7
24.6
24.1
22.8
21
20.1
20.2
18.9
18.1
19.4
17.8
17.6
17.2
17.3
16.9
16.7
16.2
16.6
16.7
17
17.1
17.1
17.2
17.9
17.8
16.6
16.1
16
15.9
15.9
15.8
15.7
15.8
15.7
15.8
15.8
15.8
15.7
15.7
15.6
14.9
14.6
14.7
16.6
19.2
20.4
21.2
21.6
22.7
22.4
21.9
21.5
20.6
20.1
20.2
19.6
19.5
19.5
19.3
18.2
17.9
17
16.6
16.7
16.9
16.8
17.3
19.7
22.3
24.2
24.7
25.7
25.6
25
24.5
23.1
21.2
20
19.4
17.9
17.4
17.1
17.1
16.5
16.4
16
16
15.7
15.3
15.7
16.1
18.4
20.2
22
23.3
24.2
25.1
25.6
25.6
22.9
20.7
20.4
19.9
19.2
18.8
18.7
18.2
17.6
17.3
16.8
16.2
16.1
16.1
15.7
16.2
18.4
21.3
22.9
23.8
25.2
25.9
26.4
26.7
24.8
22.7
22.1
21.6
21.4
21
20.6
21
19.2
18.8
18.7
18.3
18.2
18
18.1
18.6
21.3
24.2
26.4
27.3
27.4
28.1
28
27
25.3
23.8
23.8
21.4
20.4
20.8
20
20
19.6
18.9
18.3
18.2
18
18.2
18.4
19.3
22
23.9
24.7
26.7
28.2
28.6
29.2
28.6
27
24.6
23.2
22.4
21.9
21.6
20.8
20.2
20
19.9
19.3
19.1
19.1
18.7
18.2
18.3
20.7
23.2
25.1
26.2
27
27.7
29.4
27.6
25.9
23.5
22.7
22.5
22.4
21.9
21.9
20
19.1
18.8
18.2
18.3
17.6
17.6
17.2
17.8
19.3
21.8
24.2
26.1
26.3
27.5
29.4
27.9
23.4
21
20.1
20.2
19.2
19.3
19.5
18.4
18.1
18.2
17.9
18
17.7
17.5
17.7
17.9
17.7
19.9
21.6
23.9
24.9
24
24.3
23.4
21.7
21.1
19.4
19.1
18.9
18.7
18.8
18.5
18.8
19
18.8
18.5
17.7
17.7
17.4
18.1
18.9
22.3
23.3
24.7
25.8
26.2
26.2
25.7
25.1
24.2
23.7
22.5
23.3
23.2
22.9
22.3
20.4
19.6
19.4
18.8
18.5
18.4
17
16.4
13.6
14.8
16.5
16.8
17.9
18.7
19.4
18.8
18
17.2
17.1
15.8
15
14.7
14.1
13.4
12.9
12.4
11.5
11.4
11.6
11.4
11.1
11.2
12.7
14.2
15.3
17
17.3
18.1
19.1
19.1
17
15.3
13.8
12.8
12.6
12.9
12.6
12.3
12.7
12.9
13.1
11.8
11.1
10.3
10
10
12.4
16.3
18.5
20.4
22
22.5
23.8
24.5
21.7
19
17.7
17.3
16.1
15.5
14.3
14.1
13.5
13.5
13.4
13.6
13.5
13.6
13.5
14
16.1
18.9
21.3
22.2
24.2
25.2
26.1
25.9
24.8
23
21.4
20.3
19.6
19.2
18.6
18.4
17.8
17.2
16.8
16.3
16
15.6
15.3
15.8
18.4
21.7
22.7
24.6
26.3
26.6
27
26.8
25.6
23.3
21.2
19.7
19.2
18.6
18.3
18.8
19
18.3
17.2
16.7
16.8
16.9
16.4
17.4
20
22.2
24.6
26.3
26.4
27.7
27.4
26.7
25.3
22.6
21.2
20.3
19.8
19.8
18.5
18.1
17.7
18
19.9
19.7
20.1
20
20.3
21.1
22.3
24
25.8
26.8
27.9
28.5
27.9
24.4
23.2
16.5
14.9
13.9
13.5
12.2
12.3
10.4
9.4
10.3
9.1
9.1
9.3
9
8.6
8.5
8.7
9.5
11.1
12.2
12.8
13.4
13.2
12.7
11.5
9.8
9
7.9
7.4
6.6
5.9
6.2
5.1
4.7
4.5
4.3
4
3.8
4
4.7
7.6
9.6
12.6
14.9
17.9
19.7
20.1
19.6
17.8
16.4
15.8
15.1
14.6
13.9
13.6
13.3
13
12.7
13.8
13.3
13.6
13.7
14.6
14.7
14.9
18.2
16.7
17
17.8
21
21.7
21.8
21.7
20.1
19.1
18.4
17.8
17.7
19
20.5
21.9
22.3
22.9
23.4
23.7
23.4
23.7
23.3
24.8
26.8
26.2
29.2
29.2
30.3
27.5
27.4
26.2
24.8
23.2
22.9
26.3
26.4
26.8
27
25.9
26.2
25.7
24
22.3
21.8
22.4
22.2
20.4
20.4
20.7
20.7
18
16.7
15.7
15.2
15.4
15.4
15.6
15
