16.5
15.7
14.7
14.8
14.2
12.8
14.9
15.6
14.7
12.8
13.5
14.3
17.6
22
23.9
26.6
28.2
28.5
29.1
28.4
25.8
19.2
17.8
15.9
12.1
11.9
11.1
11.1
11.1
11.2
10.8
10.7
10.4
9.4
10.2
9.7
9.9
10
10.3
10.9
12.6
13.8
15.1
15.1
14.6
13.3
12.6
11.8
11.4
10.8
10.3
10.1
10.3
9.3
9.2
9
8.1
8
7.7
8
9.1
10.7
11.9
13.1
14.3
14.5
15.1
14.6
14.3
13
12.3
11.7
10.8
10.3
9.4
9.4
8.7
8.2
8
7.1
6.1
5.7
5.2
5.7
8.7
11.6
11.6
13
13.6
14.7
15.3
15.1
13.7
10.8
9.7
9.3
8.9
8.9
8.7
8.6
8.9
8.8
8.3
7.6
7.7
6.5
6.2
6.8
9.6
13.8
15.6
17.6
19.1
19.9
20.8
20.5
19
16.4
15
14.2
13.4
12.8
11.8
11.4
10.7
10.6
10.8
10.7
11.5
10.4
9.9
11.2
14.4
19.4
20.1
22.4
24.2
26.2
26.4
26.8
24.8
22.1
20.9
19.8
18.7
17.4
16.7
16.4
16.7
16
16.1
15.7
15.2
15.1
15.1
16.1
19.8
22.9
24.3
26
27.6
28.1
28.3
27.5
27.2
24.6
22.3
21.4
21.5
21.5
20.2
20.3
20.2
18
18.3
17.7
17.9
17.7
16.9
18.1
19.2
20.8
24.1
26.4
23.3
23.4
22.9
21.2
19
17.5
17.1
17.3
17.7
17.5
17.6
17.5
17.4
17.5
17.8
17.9
18.2
17.7
18
17.9
19.5
21.6
21.3
21.3
21.6
22
21.6
21.3
21
20.6
20.2
20.2
20.5
20
19.3
19
18.8
19.5
17.1
16.2
15.4
14.4
13.7
13.3
13.5
15
14.5
16.7
16.8
15.8
15.7
15.3
15.4
14.3
13.9
13.6
13.1
12.6
12.2
12
12.5
11.7
10.5
10.6
9.9
9.3
8.9
9.9
12.5
15.9
15.9
17.3
17.9
19.1
19.3
18.8
17.9
16.6
15.7
15.3
15.1
14.4
14.4
14.6
14.7
15.7
15
15.4
15.1
15.2
14.8
15.2
15.8
16.2
18.7
18.7
17.6
16.1
15.9
14.2
13.9
13.8
13.1
13.5
13.5
13.3
12.3
13.3
13.4
12.8
12.6
11.3
9.8
9.2
9.1
9.4
9.7
10.2
11.6
12.5
12.4
12.7
13.6
12.8
11.7
10.5
9.9
9.2
8.6
8.3
8
7.4
6.7
6.5
6.3
6.8
7
6.8
6.9
6.9
7.2
8.1
9.5
10.3
11.3
12.6
13.4
13
12.6
10.7
9.6
8.7
8.5
8.5
8.3
9.3
9.7
9.6
8.6
8.5
7.7
8.1
7.8
10.2
11.9
15.3
17.2
17.8
19.1
19.7
21.1
21.5
21.6
16.6
15.6
14.6
13.8
13.2
12.3
11
10.7
10.2
10.2
10
9.7
9.5
10
11.2
14
19.4
20.9
22.3
23.5
26.1
26.9
26.1
24.7
21.8
20.5
20.8
20.4
20.4
18.6
17.2
16.3
15.5
15.1
14.8
16
16.7
16.4
18.2
20.9
23.2
25.9
27.5
28.7
29.9
29.5
29.1
28.6
26.4
25.3
26
26
23.7
23.9
24.1
20.3
18.3
17.1
15.4
14.9
14.6
14.4
14.2
13.9
13.3
13
13.8
15.8
15.9
15.3
14.6
13.2
12.4
12.1
11.9
11.8
11.9
11.8
11.6
11.1
10.8
10.3
9.3
8
7.4
6.8
8.3
10
11.8
12
13.7
12.6
13.8
13.2
12.5
12
11.4
10.9
10.6
10.8
11.1
10.9
10.3
9.9
9.3
8.8
8.9
8.7
9.3
8.8
9.7
11.1
12.9
13.8
14.3
14.3
16.1
14.3
14.6
13.1
11.1
10.4
10.2
10.1
9.7
9.6
9.2
8.9
8.3
7.8
7
6.3
6.7
6.5
8.4
9.8
10.3
12.5
14.1
13.8
14.4
16
14.3
13.5
12.3
11.8
11.6
11.4
10.7
9.9
9.6
9.4
9
8.6
8.9
9
8.3
8.4
10
11.8
14.9
16.7
17.6
18.5
19
18.7
18.4
17.3
15.6
14.8
14.4
14
14
13.3
12.8
11.6
12.2
12
12
12
11.8
11.9
11.8
12.1
13
13.8
14.6
16.6
17.3
17.7
17.1
16.2
14.3
12.6
11.9
11.7
11.2
11
10.3
9.2
8.6
8.5
10
10.4
10.8
10.9
11.6
12.9
14.7
16.7
18.4
20.2
20.1
20
19.6
18.5
16.4
15.2
14.9
14.5
14.6
13.8
13.2
12.6
12.1
12.6
12.4
12
12.4
11.7
13.6
16.6
18.8
20.2
21.2
22
23.8
23.5
22.1
20.6
18.6
17.4
16.8
17
16.4
16.3
15.2
15.1
15.1
15.2
14.8
13.7
13.3
12.6
15.6
17.5
19.1
20.6
21.9
21.9
22.4
22
22.5
23
19.8
19.5
19.4
18.7
18.3
18.1
17.8
17.3
17.1
16.1
15.4
15
14.9
15
16.6
19.2
21.6
23
24.3
24.8
25
24.7
23.8
21.7
19.4
18.4
17.6
16.8
16.2
15.5
15.3
15
14.5
13.9
13.3
14
13.9
13.8
14
15.1
17.3
21.1
24.3
25.9
26.8
28
27.8
26.6
24
22.2
21.1
21.2
20.1
19.8
19.3
18.6
18.6
17.8
17.8
17.7
16.8
17.5
20.3
22.5
24.7
27
29.1
30.2
31.5
32.5
32.7
32
29.4
26
25.1
24.1
23.7
22.7
21.8
20.3
20.3
20.3
19.8
19.6
19.6
20.2
22.2
24.9
25.2
28.4
23.8
24.1
25.3
24.2
23.9
23.4
19.6
18.7
18.7
18.1
15.9
15.8
15.8
15.8
15.8
15.9
15.6
15.7
15.9
15.8
15.9
16.3
16.8
16.3
15.4
14.8
14.9
15.3
15.7
15.3
14.7
14.7
14.6
