14.8
14.6
14.2
13.2
13.7
12.5
12.3
11.9
11.8
11.5
11.5
13.7
15.9
16.8
16.1
17.8
19.1
18.5
19.3
18.8
18.7
16.3
14.8
13.5
13.1
12.4
11.8
10.6
10.1
9.3
8.5
8.3
8.3
8.2
8.3
10.8
14.4
14.9
15.6
17.5
19.3
19.6
19.5
19.5
18.1
15.9
14.8
13.5
13.4
13.2
13.6
13.4
12.9
12.1
11.7
11.5
10.6
10.3
11.1
12.9
14.4
15.8
16.2
16.2
15.7
16.8
16.6
15.1
14.1
12.5
11.8
10.9
10.3
10
9.4
8.9
9
8.7
8
7.2
7.9
9.5
9.7
10.5
12
13.8
14
14.6
15.3
15.9
16.4
15.6
14.4
12.2
10.9
10.4
9.9
9.5
8.6
8.4
7.8
7.9
8.4
8.8
8.9
8.2
7.7
9.8
10.8
11.9
12.7
13.8
15.7
14.8
15.3
14.6
14.5
13
11.9
11.1
10.8
11.2
11.7
12
12.2
12.3
12.6
12.8
13
13
13.1
13.9
15.1
16.1
17.7
19
18.9
18.8
18.3
17.9
16.2
15.4
14.7
14.7
14.5
14.3
14.3
14.3
14
13.7
13.4
13.9
14.2
14.6
14.8
15.7
15.8
15.7
16.7
16.9
17.8
18.7
20.1
20.7
20.4
19.1
18.3
18.4
17.7
18.7
18.2
19.9
20.1
18.9
19.1
18.3
18
18.3
17.9
18
18
18.7
19.1
20.3
22.3
26.1
26.5
25.3
24.6
23.5
23.7
23.5
21.7
21.3
19.4
18.3
17.6
17.5
17.8
17.8
17.9
17.3
17.4
18.8
21.5
23.5
27
30.3
30.8
35.1
36
35.5
34.1
32.3
30.1
28.2
28.6
27.9
27.1
26
24.7
23.3
20.3
19.4
18.1
17.1
17
17
17.5
18.3
19.1
19.4
20.2
20.3
19.8
18.3
17.5
16.8
16.7
16.4
16
15.8
15.8
16
16.2
16.3
16.7
16.8
17.3
17.5
17.6
17.7
18.1
17.8
17.5
17.5
18.3
18.6
18.2
18.4
18.5
18.1
18.1
18.1
17.9
17.8
17.9
17.9
18
17.8
17.7
17.7
16.9
16.8
16.6
16.9
16.6
16.6
16.2
16.1
16.1
16
15.9
16.1
16.6
15.8
15.5
14.9
14.7
14.4
14.3
14.3
13.9
13.5
13.3
13.3
13.4
13.5
13.8
14.3
17
16.2
16.9
18.3
19.1
19.3
18.7
18.3
17.7
15.9
14.6
13.8
13.1
12.9
13.6
14.1
15.1
15.1
15.1
15.2
15.3
15.3
15.6
16.4
18.1
20.1
21.9
23.5
23.3
22.3
21.3
20.5
20.5
19.6
19
18.8
18.1
18.1
17.7
17.7
17.2
16.8
16.8
16.6
16.8
16.7
16.6
19.5
23.4
26.1
27.6
29.1
30.1
30.6
30.9
30.5
28.4
27.2
26
24.7
24
23.4
22.5
22.1
21.5
21
21.7
22.3
23.3
23.5
22.7
24.8
21.4
19.7
20.5
19.6
20.6
20.5
19.7
18.9
16.9
16.7
16.6
16.2
16.1
16.2
16
15.6
15.3
14.7
14.5
14.4
14.2
13.8
14
14
14.3
14.9
15.8
16
15.6
15.2
14.2
13.9
14.3
13.7
12.9
12.9
13.1
13
13.2
13.8
14.1
14.1
14.1
14.2
13.6
13.1
13.2
13.9
14.8
15.1
15.1
15.2
16.1
16.7
16.8
17.6
17.2
16.4
14.4
13.4
12.4
11.7
11.3
11.3
10.7
11.7
10.9
11.4
11.4
11.7
11.7
14.8
17.7
19.3
20.9
22.3
24.8
25.7
26
23.6
23
22.8
21.2
20.7
20.1
19.3
19.2
18.1
17
16
16
15.8
15.2
14.5
14.4
14.3
13.8
15
15.9
17
17.6
17.8
16.8
16.6
14.9
14.6
13.7
12.7
12.4
11.4
11.3
10.8
10.5
11
11
11.8
11.4
10.4
10.7
13.8
15.1
16.4
18
17.6
18.3
19.6
20.1
19.9
18.6
17
15.5
14.5
13.8
13.7
13.3
12.5
11.9
10.7
10.2
10.2
9.9
9.6
10.4
13
15.1
16.8
19.8
19.8
19.8
19.3
19.3
18.3
17.4
15.1
14
12.2
10.9
10.6
9.5
8.7
8.3
7.9
8.1
7.1
7.3
7.3
8.5
11.9
13.8
16.4
17.4
19.1
19.8
20.3
19.9
19.9
18.4
16.5
15.5
14.9
14.6
14.4
14.1
14.3
14.1
13.5
13.4
13
12.5
12
12
16.1
18
19.6
20.9
22.5
23.4
24.4
23.4
23
22.1
20.1
17.6
16.5
15.7
15.1
14.6
14.7
14
13.4
12.9
12.7
13
13.3
13.1
14.6
17.2
19.1
20.7
22.2
23.5
24
24.2
24.6
22.6
20.7
19.6
18.1
17.4
17.1
16.8
16.3
15.3
15.7
15.9
16
15.7
15.7
16.5
16.9
18
19.3
21.3
22.1
23.3
24.3
25.9
25.6
23.6
21.6
20
19.2
18.8
18.3
17.3
16.1
15.8
14.7
14.6
14.2
14.4
14.3
14.9
15.9
19.2
20.9
20.7
21.1
22.2
22.6
20.9
20.1
19.3
18
16.7
15.9
15.5
15.6
15.4
15.3
15
14.7
14.5
14.3
14.1
13.7
14.3
16.9
18.4
20.7
22.2
22.7
23.4
23.8
23.3
22.8
21
19.4
17.8
17.2
16.6
16.2
15.9
15.5
15.1
15.2
14.7
14.5
13.6
13
14.1
17.7
19.3
20.4
22.5
24.4
25.1
26.2
26.9
25.6
24.5
22.3
20.5
19.2
17.7
17.1
16.5
16.1
15.8
15.9
15.1
15.2
14.9
14.5
15.1
17.5
21
24
25.8
28.6
30.3
32.5
33.3
33.7
32.7
28.6
27.4
24.8
