26
24.4
24.5
23.7
23.2
22.6
22.2
22
21.4
21.6
23.4
23.7
23.3
24.9
25.4
25.4
25.2
25.1
24.5
24.3
23.8
22.6
21.3
20.3
19.1
18.4
17.6
17.3
17.1
17.1
16.3
15.9
15.5
15.8
18.2
19.7
19.7
20.6
22.4
22.8
24.1
24.6
24.6
23.7
21.9
20.7
19.7
18.5
17.7
17.2
16.6
16.1
15.8
15.6
15
14.3
13.1
13.8
18.8
21.1
22.6
24.1
25
25.6
27.2
27.9
27.5
26.4
25.4
23.4
21.6
20.4
19.7
19.4
19.2
19.1
19
19.2
19.3
19.1
20
20.6
22.9
24.9
26.6
28.4
29.8
30.6
30.5
32.6
33.6
31.8
25.5
22.4
22.3
22
21.9
21.5
21.3
21.8
21.4
19.9
19.6
20
19.6
20.2
20.7
22.4
23.3
24.6
25.6
25
25.8
26.6
26.2
24.7
23.9
22.6
21.4
20.7
19.4
19.1
18.6
17.8
17.2
16.3
15.7
15.4
15
15.8
19.8
20.7
22.3
23.3
24.3
25.3
26.5
26.9
27.9
28
28.2
27.6
26.5
25.2
23.3
22.6
22.1
20.9
19.9
18.9
18.2
17.1
16.3
16.8
21.5
22.1
24.7
24.1
25.5
26.8
27.5
28
28.4
28.6
28.4
26.3
23.8
21.8
20
18.9
18.5
17.9
17.7
17.5
17.8
17.3
17.3
17.3
20.4
22.1
25.1
25.6
27.8
29.4
30.5
30.8
31.4
30.6
29.3
26.7
24.7
22.7
21.6
21
20.7
20.3
19.8
20.4
20.4
20.4
20.3
20.1
21.8
24.5
26.8
27.5
29.4
30.2
32.5
32.8
33.7
32.9
32.1
30.2
28.4
27
24.8
23.3
22.9
22.4
21.8
21.6
20
19.1
18.1
18.7
23.8
25.7
27.6
28.8
31
32
34.4
34.2
34.4
33.6
33.3
30.9
29.3
26.5
24.3
22.9
22.1
22
21.8
21.4
21
19.5
19.2
19.4
23.5
25.8
27.6
29.3
31.1
32.2
33.6
34.1
34.6
34.1
31.9
30.6
28.8
26.3
25.1
24.4
24.1
23.7
23.2
23.2
22.5
22.8
22.6
23.7
27.2
27.7
29.3
31.1
32.3
31.7
31.8
31.7
31.6
31.5
30.6
30.1
29.3
28.5
26.2
22.9
21.8
21.2
20.8
20.5
20.1
19.8
19.5
19.3
20.2
20
20.2
22
23.2
22.8
24
25.7
25.8
25.4
24.3
23
21.1
19.5
18.7
18.6
18.6
18.3
18.2
17.5
16.9
16.2
16.7
17.5
19.4
22.6
23.9
27.4
29
30.4
31.1
30.2
29.6
28.3
26.7
25.8
25.9
24.5
23.8
23.2
22.9
22.8
22.5
22.1
22.1
22
23
22.8
24.7
27.1
27.5
29.2
30.6
31.7
32.9
33.5
34.2
34.2
33.7
22.7
23.7
24.3
24.3
24.8
24.7
23.5
23.2
22.9
22.7
22.3
21.9
22
22.1
23.2
23.2
23.6
24.1
25.7
26.7
26.7
26.3
24.5
23.4
22.5
22.3
21.7
20.9
20.4
20.4
20.3
19.9
20.2
19.9
19.4
19.3
19.9
22.5
24.3
23.9
25.8
26.2
25.3
25.9
27.4
27.3
27.1
26.2
24.6
23.4
21.9
20.9
20.4
19.9
19
18.4
18.2
17.7
17.7
17.9
17.9
21.1
22.6
23.8
25.8
26.5
27.4
27.5
27.9
27.4
27.3
26.5
24.5
22.9
21.7
21.1
20.8
20.5
20.2
19.8
19.6
18.6
18.4
18.4
18.7
22.3
24.2
25.9
27.4
28.4
29.3
30.8
31.8
31.4
31.1
29.7
27.4
25.7
23.8
22.6
22.2
22
21.8
21.5
21.3
21.8
21.5
21
21.4
25.5
26.6
28.6
30.3
31.8
32.7
33.5
34.6
35
32.3
25.5
28.3
27.8
27
26.3
26.4
26
25.8
26.2
25.3
24.9
26.2
25
24.1
24.3
24.8
24.9
26
27.2
27.9
28.9
28.7
28.5
27.8
27.7
26.5
24.9
24.6
24.3
24
23.4
22.5
21.2
20.3
19.8
19
18.4
18.1
19.2
20
21.3
22.8
23.5
23.7
25.2
25.1
25.2
24.8
25.3
23.8
23.2
22.9
21.9
21.4
20.5
19.8
18.9
18.9
18
16.7
16.9
17.4
19.3
20.7
22.8
24.4
24.8
26.7
27.2
28.2
29.2
28.7
29.4
26.9
24.9
23.2
21.8
20.6
20.5
19.8
20
19.5
18.1
17.5
16.8
16
21.9
22.5
24.9
26.7
28.5
30
31.3
33.2
33.5
33.4
30.3
27.9
26.2
24.6
23.5
22.8
22.2
22.2
21.9
21.6
21.2
20.6
19.9
19.9
25.1
26.3
27.8
29.6
31.7
33.7
34.2
35.3
35.9
36.4
36.3
35
32.6
29.7
28.6
27.9
27.4
26.3
26.1
25.5
25
23.9
23.2
23
26.1
29.5
32.1
32
33.4
34.3
33.6
34.2
34.9
34.5
31.9
30.2
29
27.3
25.8
25.6
24.7
24.3
23.8
23.5
23.1
23
23.2
23.3
24.3
26.9
29.9
31.7
33.8
35.9
37.2
38.6
37.5
35.4
33.3
30.9
28.3
26.3
24.8
24.4
24.1
23.8
23.6
23.1
22.9
22.6
22.3
22.6
25.9
27.7
29.8
31
32.6
35
36.3
37.4
38.3
36.9
34.4
32.6
30.5
28.8
27.1
25.3
24.8
24.2
23.6
23.1
23
22.8
22.8
23.6
25.2
27.2
29.3
30.9
32.7
33.3
35
35.8
37.6
37.7
36.4
34.3
32.2
29.8
28.5
27.6
26.5
25.8
25.1
24
23.4
23
22.6
23.2
25.5
27.7
29.3
31.1
33.8
34.4
35.5
34.1
34.5
33.5
32.2
30.7
28.9
27.4
26.7
25.8
24.8
23.7
23.3
23
22.5
22.5
22.5
22.5
24.7
27.2
30
31.1
33.4
34.6
37.3
36.8
38.2
38.7
36.4
26.8
24.7
24.9
